<?xml version="1.0"?>
<opencv_storage>
<intrinsic type_id="opencv-matrix">
  <rows>3</rows>
  <cols>3</cols>
  <dt>d</dt>
  <data>
    8.3051769204691004e+02 0. 3.0511618152643490e+02 0.
    8.3092371861607603e+02 2.4380281306208522e+02 0. 0. 1.</data></intrinsic>
<distortion type_id="opencv-matrix">
  <rows>1</rows>
  <cols>5</cols>
  <dt>d</dt>
  <data>
    6.1928506069083754e-02 4.1982283847861884e-01
    -3.6874612439624032e-03 -2.8870042990719446e-03
    -1.4665611832032523e+00</data></distortion>
</opencv_storage>
