<?xml version="1.0"?>
<opencv_storage>
<intrinsic type_id="opencv-matrix">
  <rows>3</rows>
  <cols>3</cols>
  <dt>d</dt>
  <data>
    5.2480577007224213e+02 0. 2.9212693380431313e+02 0.
    5.2535650651027902e+02 2.4818783168266839e+02 0. 0. 1.</data></intrinsic>
<distortion type_id="opencv-matrix">
  <rows>1</rows>
  <cols>5</cols>
  <dt>d</dt>
  <data>
    3.6745673663938411e-02 1.5071024823826673e-01
    -2.5748561125127634e-03 -6.0526409693701429e-03
    -3.9594130158912877e-01</data></distortion>
</opencv_storage>
